,10m_u_component_of_wind,10m_v_component_of_wind,2m_dewpoint_temperature,2m_temperature,cloud_base_height,convective_available_potential_energy,convective_inhibition,convective_precipitation,convective_rain_rate,convective_snowfall,geopotential_500,geopotential_1000,high_cloud_cover,instantaneous_10m_wind_gust,k_index,large_scale_precipitation,large_scale_snowfall,mean_large_scale_precipitation_rate,mean_top_net_long_wave_radiation_flux,mean_top_net_short_wave_radiation_flux,mean_total_precipitation_rate,mean_sea_level_pressure,mean_surface_latent_heat_flux,mean_surface_net_long_wave_radiation_flux,mean_surface_net_short_wave_radiation_flux,mean_vertically_integrated_moisture_divergence,surface_pressure,total_precipitation,total_totals_index
10m_u_component_of_wind,1.0,0.8510280297446264,0.722866354822951,0.5701824161650748,0.28321057296690855,0.5866036710498651,,0.9358988973435796,0.4550398366272854,0.9846263538367351,0.429539846397396,0.12722428036861405,,0.9528977863166599,0.945434822222532,0.3690642916305486,0.8873110112256647,0.3690646872796113,0.9746893113160109,0.8867324587162471,0.3725199794446298,0.11528398472552345,0.8904250865483473,0.9798596212677813,0.8551193489045084,0.7136929656540095,0.5565999528980794,0.37275684102224127,0.7030881475667885
10m_v_component_of_wind,0.8510280297446264,1.0,0.7240725802198045,0.5254333582889319,0.9999403346079431,0.6948683647269998,,0.9423086981358479,0.09851412583465913,0.8512523046717694,0.5435538139657239,0.30783981596103377,,0.8613679569111153,0.8829383055544037,0.639036126200967,0.7843888246215258,0.6390365872203507,0.9186879353539332,0.7573135939781244,0.0516692871857663,0.2929825656098405,0.8764299969648424,0.801042891096785,0.7275916835469926,0.29329197735307144,0.5727600719453803,0.051491977558458996,0.5802347095600308
2m_dewpoint_temperature,0.722866354822951,0.7240725802198045,1.0,0.9489477122927904,0.8685148118406276,0.5463934211362262,,0.7733590748048031,0.6468645131900433,0.7351049096189145,0.8256146533799958,0.6155670398228472,,0.7544804239465291,0.6821084827659517,0.8518530505598729,0.9115489941197268,0.8518530926506653,0.8093329698095576,0.3746017261089297,0.15403993430286037,0.5405825138645037,0.706313906904949,0.7876902672184051,0.3062714410464269,0.1841349624267374,0.9673330254341714,0.15361461787047997,0.0634426659837772
2m_temperature,0.5701824161650748,0.5254333582889319,0.9489477122927904,1.0,0.28481569015865066,0.26609669491055926,,0.5579906612359917,0.6831230084209691,0.6210381183939078,0.699771271630608,0.5042372744624766,,0.6644071195831387,0.4516136529541951,0.7998993501432049,0.869990119270198,0.7998991176685566,0.6310413120549591,0.23203398196677627,0.08221974348750061,0.39859210654404414,0.4607774867119423,0.69159131662076,0.15843039707839496,0.07343955318560345,0.9339155254299556,0.08174901824751524,0.07327796200757017
cloud_base_height,0.28321057296690855,0.9999403346079431,0.8685148118406276,0.28481569015865066,1.0,0.7278907040484812,,0.7998440962460874,0.5736792446079179,0.29098182653615823,0.7590752523992067,0.7830256800692992,,0.6157252140539446,0.6079735220289121,0.9822198591148362,,0.9822200510920797,0.7065190880261883,,0.9992397036240745,0.7483504749102287,0.6693445320888775,0.280929592132421,,0.5855276801952578,0.7311007751174785,0.9992396727981735,0.5902680222527712
convective_available_potential_energy,0.5866036710498651,0.6948683647269998,0.5463934211362262,0.26609669491055926,0.7278907040484812,1.0,,0.8057129430900769,0.28390206039252996,0.4667650960767111,0.77886699332312,0.705980438632504,,0.3996504131868123,0.8111882034081744,0.5132209327486924,0.39921301136755494,0.5132216465200483,0.7138324348902146,0.33577434262174033,0.3845200597718312,0.7596178927225682,0.8904379132559678,0.4695927637306131,0.3173278951484561,0.30540204640006363,0.5477213152783769,0.3844492437298898,0.1735920331029661
convective_inhibition,,,,,,,,,,,,,,,,,,,,,,,,,,,,,
convective_precipitation,0.9358988973435796,0.9423086981358479,0.7733590748048031,0.5579906612359917,0.7998440962460874,0.8057129430900769,,1.0,0.3637140200517018,0.8946258854957525,0.6395001583443671,0.3939199018406342,,0.864436376484757,0.9828423799325302,0.5639732006869506,0.8200980160124136,0.5639737336551357,0.9865000448700902,0.7610033650969669,0.03756301411244552,0.39500871208678506,0.9797026945529316,0.8813898659522258,0.7278703596371784,0.5212601845957495,0.6488602310421114,0.03777288651210579,0.5563469784786483
convective_rain_rate,0.4550398366272854,0.09851412583465913,0.6468645131900433,0.6831230084209691,0.5736792446079179,0.28390206039252996,,0.3637140200517018,1.0,0.4099085620294593,0.5737602321425932,0.44438275007503014,,0.35725467010998724,0.38669973032551264,0.2882710498746758,0.5718714102722163,0.2882709548703593,0.44398132819847325,0.08002968835344182,0.1714542960522603,0.40415207199938086,0.39416058030420714,0.5404858477534952,0.026801802271684133,0.4923984941042536,0.7056330489298178,0.1718226016611384,0.1585915726986283
convective_snowfall,0.9846263538367351,0.8512523046717694,0.7351049096189145,0.6210381183939078,0.29098182653615823,0.4667650960767111,,0.8946258854957525,0.4099085620294593,1.0,0.3655685762083304,0.04768810755918308,,0.9902259167331435,0.8846259119076759,0.3936260415014928,0.926111236906386,0.39362632381881857,0.9498459833329673,0.8998782531468239,0.41195119207807035,0.016172917387236183,0.8158316706721681,0.9888630306928173,0.8651695366009561,0.6476462551258264,0.5517636349453533,0.4122128836305353,0.7162177153156373
geopotential_500,0.429539846397396,0.5435538139657239,0.8256146533799958,0.699771271630608,0.7590752523992067,0.77886699332312,,0.6395001583443671,0.5737602321425932,0.3655685762083304,1.0,0.9457030699484726,,0.35046097968615764,0.5650060997389473,0.8489029123138351,0.5479542526549713,0.8489031557304907,0.5969494960812695,0.0008610282692064085,0.5785769094305321,0.9203880438949926,0.6705016504562256,0.4309654610633461,0.057046352411259466,0.01815705783079993,0.9080752318579676,0.5782750118712903,0.2826651079272805
geopotential_1000,0.12722428036861405,0.30783981596103377,0.6155670398228472,0.5042372744624766,0.7830256800692992,0.705980438632504,,0.3939199018406342,0.44438275007503014,0.04768810755918308,0.9457030699484726,1.0,,0.03155237491053023,0.32087218099085163,0.7659741161407272,0.25259089842953253,0.7659743234441447,0.3217095567564502,0.29628944923313016,0.7744044153858979,0.9902279108497383,0.4597068742990713,0.11624683360345356,0.341968793383653,0.23564491974327084,0.7642811359915075,0.7741896608677138,0.528023823174454
high_cloud_cover,,,,,,,,,,,,,,,,,,,,,,,,,,,,,
instantaneous_10m_wind_gust,0.9528977863166599,0.8613679569111153,0.7544804239465291,0.6644071195831387,0.6157252140539446,0.3996504131868123,,0.864436376484757,0.35725467010998724,0.9902259167331435,0.35046097968615764,0.03155237491053023,,1.0,0.8321301237894678,0.4518835625206035,0.943969261988604,0.45188376608149905,0.9244994009201307,0.8791232664577009,0.3802371332321388,0.015038732781232812,0.7617462516449188,0.9731039394079302,0.8411979157114537,0.5496112453537043,0.5663004282706402,0.380516697918973,0.6909998175798933
k_index,0.945434822222532,0.8829383055544037,0.6821084827659517,0.4516136529541951,0.6079735220289121,0.8111882034081744,,0.9828423799325302,0.38669973032551264,0.8846259119076759,0.5650060997389473,0.32087218099085163,,0.8321301237894678,1.0,0.41482494678070964,0.7606563331477573,0.41482554696714546,0.9702292845492956,0.795740067393422,0.1433803363644897,0.3412210408508882,0.986957184488294,0.8737225311809629,0.771017808709693,0.653242976656263,0.5537617192145923,0.14354658519531316,0.6200549295848559
large_scale_precipitation,0.3690642916305486,0.639036126200967,0.8518530505598729,0.7998993501432049,0.9822198591148362,0.5132209327486924,,0.5639732006869506,0.2882710498746758,0.3936260415014928,0.8489029123138351,0.7659741161407272,,0.4518835625206035,0.41482494678070964,1.0,0.6276249338413589,0.9999999999996199,0.5405631802327756,0.04345276459927527,0.6004093405095525,0.6908135875277632,0.4953917585002921,0.4166669761997824,0.01793109805716696,0.3203162156895971,0.8785354530946659,0.600076180709604,0.2285602835193639
large_scale_snowfall,0.8873110112256647,0.7843888246215258,0.9115489941197268,0.869990119270198,,0.39921301136755494,,0.8200980160124136,0.5718714102722163,0.926111236906386,0.5479542526549713,0.25259089842953253,,0.943969261988604,0.7606563331477573,0.6276249338413589,1.0,0.6276249839890705,0.8921168579993415,0.6801639125291087,0.2291580174623985,0.17981626595355557,0.719036367004025,0.9510737910687849,0.6231993988473412,0.4330632567048719,0.7856222164573967,0.22954835208589416,0.42097211766594983
mean_large_scale_precipitation_rate,0.3690646872796113,0.6390365872203507,0.8518530926506653,0.7998991176685566,0.9822200510920797,0.5132216465200483,,0.5639737336551357,0.2882709548703593,0.39362632381881857,0.8489031557304907,0.7659743234441447,,0.45188376608149905,0.41482554696714546,0.9999999999996199,0.6276249839890705,1.0,0.5405636183906377,0.043453165860252205,0.6004094306559905,0.6908138899500763,0.4953923871574041,0.41666721111333027,0.017930675109770915,0.3203158263048098,0.8785354430374437,0.6000762710158509,0.22855986774053844
mean_top_net_long_wave_radiation_flux,0.9746893113160109,0.9186879353539332,0.8093329698095576,0.6310413120549591,0.7065190880261883,0.7138324348902146,,0.9865000448700902,0.44398132819847325,0.9498459833329673,0.5969494960812695,0.3217095567564502,,0.9244994009201307,0.9702292845492956,0.5405631802327756,0.8921168579993415,0.5405636183906377,1.0,0.8002069295953955,0.15570960563280342,0.3080996563202694,0.9482266322402393,0.9464384133216024,0.7623175710296728,0.5790995015562836,0.6721845183280759,0.15596389221466175,0.5841656647201259
mean_top_net_short_wave_radiation_flux,0.8867324587162471,0.7573135939781244,0.3746017261089297,0.23203398196677627,,0.33577434262174033,,0.7610033650969669,0.08002968835344182,0.8998782531468239,0.0008610282692064085,0.29628944923313016,,0.8791232664577009,0.795740067393422,0.04345276459927527,0.6801639125291087,0.043453165860252205,0.8002069295953955,1.0,0.5944243482592431,0.28908250985587325,0.6936611397618127,0.8400056408582157,0.9971768788800177,0.7171049595196956,0.1410048592064729,0.5944960484366341,0.9485426265075982
mean_total_precipitation_rate,0.3725199794446298,0.0516692871857663,0.15403993430286037,0.08221974348750061,0.9992397036240745,0.3845200597718312,,0.03756301411244552,0.1714542960522603,0.41195119207807035,0.5785769094305321,0.7744044153858979,,0.3802371332321388,0.1433803363644897,0.6004093405095525,0.2291580174623985,0.6004094306559905,0.15570960563280342,0.5944243482592431,1.0,0.7744589178061941,0.009268814430387172,0.4057086626506793,0.6106868830062987,0.738583334585724,0.3200557072280241,0.9999998848862632,0.6760564393259949
mean_sea_level_pressure,0.11528398472552345,0.2929825656098405,0.5405825138645037,0.39859210654404414,0.7483504749102287,0.7596178927225682,,0.39500871208678506,0.40415207199938086,0.016172917387236183,0.9203880438949926,0.9902279108497383,,0.015038732781232812,0.3412210408508882,0.6908135875277632,0.17981626595355557,0.6908138899500763,0.3080996563202694,0.28908250985587325,0.7744589178061941,1.0,0.4836405824034828,0.07877952376023749,0.32682567761593534,0.18988885612920534,0.6911670910212581,0.7742965193369038,0.4960423430516509
mean_surface_latent_heat_flux,0.8904250865483473,0.8764299969648424,0.706313906904949,0.4607774867119423,0.6693445320888775,0.8904379132559678,,0.9797026945529316,0.39416058030420714,0.8158316706721681,0.6705016504562256,0.4597068742990713,,0.7617462516449188,0.986957184488294,0.4953917585002921,0.719036367004025,0.4953923871574041,0.9482266322402393,0.6936611397618127,0.009268814430387172,0.4836405824034828,1.0,0.8113210786345685,0.6663783979742176,0.5650452160109083,0.6104400795370382,0.009101884099005569,0.502862695438492
mean_surface_net_long_wave_radiation_flux,0.9798596212677813,0.801042891096785,0.7876902672184051,0.69159131662076,0.280929592132421,0.4695927637306131,,0.8813898659522258,0.5404858477534952,0.9888630306928173,0.4309654610633461,0.11624683360345356,,0.9731039394079302,0.8737225311809629,0.4166669761997824,0.9510737910687849,0.41666721111333027,0.9464384133216024,0.8400056408582157,0.4057086626506793,0.07877952376023749,0.8113210786345685,1.0,0.798737663714438,0.6691549019789728,0.628170650100222,0.4060136692936818,0.630292231841459
mean_surface_net_short_wave_radiation_flux,0.8551193489045084,0.7275916835469926,0.3062714410464269,0.15843039707839496,,0.3173278951484561,,0.7278703596371784,0.026801802271684133,0.8651695366009561,0.057046352411259466,0.341968793383653,,0.8411979157114537,0.771017808709693,0.01793109805716696,0.6231993988473412,0.017930675109770915,0.7623175710296728,0.9971768788800177,0.6106868830062987,0.32682567761593534,0.6663783979742176,0.798737663714438,1.0,0.7206820184575029,0.06995817293949097,0.6107233935765003,0.968829130385567
mean_vertically_integrated_moisture_divergence,0.7136929656540095,0.29329197735307144,0.1841349624267374,0.07343955318560345,0.5855276801952578,0.30540204640006363,,0.5212601845957495,0.4923984941042536,0.6476462551258264,0.01815705783079993,0.23564491974327084,,0.5496112453537043,0.653242976656263,0.3203162156895971,0.4330632567048719,0.3203158263048098,0.5790995015562836,0.7171049595196956,0.738583334585724,0.18988885612920534,0.5650452160109083,0.6691549019789728,0.7206820184575029,1.0,0.05760867298710614,0.7386339034704764,0.6854619309814395
surface_pressure,0.5565999528980794,0.5727600719453803,0.9673330254341714,0.9339155254299556,0.7311007751174785,0.5477213152783769,,0.6488602310421114,0.7056330489298178,0.5517636349453533,0.9080752318579676,0.7642811359915075,,0.5663004282706402,0.5537617192145923,0.8785354530946659,0.7856222164573967,0.8785354430374437,0.6721845183280759,0.1410048592064729,0.3200557072280241,0.6911670910212581,0.6104400795370382,0.628170650100222,0.06995817293949097,0.05760867298710614,1.0,0.3196281568141678,0.17882790720257627
total_precipitation,0.37275684102224127,0.051491977558458996,0.15361461787047997,0.08174901824751524,0.9992396727981735,0.3844492437298898,,0.03777288651210579,0.1718226016611384,0.4122128836305353,0.5782750118712903,0.7741896608677138,,0.380516697918973,0.14354658519531316,0.600076180709604,0.22954835208589416,0.6000762710158509,0.15596389221466175,0.5944960484366341,0.9999998848862632,0.7742965193369038,0.009101884099005569,0.4060136692936818,0.6107233935765003,0.7386339034704764,0.3196281568141678,1.0,0.6759865428309535
total_totals_index,0.7030881475667885,0.5802347095600308,0.0634426659837772,0.07327796200757017,0.5902680222527712,0.1735920331029661,,0.5563469784786483,0.1585915726986283,0.7162177153156373,0.2826651079272805,0.528023823174454,,0.6909998175798933,0.6200549295848559,0.2285602835193639,0.42097211766594983,0.22855986774053844,0.5841656647201259,0.9485426265075982,0.6760564393259949,0.4960423430516509,0.502862695438492,0.630292231841459,0.968829130385567,0.6854619309814395,0.17882790720257627,0.6759865428309535,1.0
